lastAccountName: greglive
timestamps:
  login: 1620090893581
  logout: 1620091149556
ipAddress: 10.77.161.38
logoutlocation:
  world: world
  x: -98.16430234042832
  y: 45.0
  z: 84.145239726985
  yaw: 86.69984
  pitch: 11.099998
lastlocation:
  world: world
  x: -178.4198095628987
  y: 88.0
  z: 158.30000001192093
  yaw: -333.45032
  pitch: 43.94997
